-261.80545514575255
-467.97018216248443
-604.6082650196065
-231.38775543200302
-325.6850565959018
-283.5467179489567
-211.3055371469777
-172.6146220008285
-143.34017484268554
118.61971884320138
-178.92684425241168
-290.6397334348878
-113.945727474829
-254.16670962721014
-505.39651149275886
-587.9056607241366
-637.7697373317319
-785.5374944878772
-808.1398688157539
-934.2439983137418
-1023.0675100520008
-553.9374545478587
-602.2469064224556
-317.8467218191587
-74.31687864057113
-47.82117089480724
130.28330842898464
228.71284085145265
287.5198175514497
428.0763220381269
553.1346941232619
667.4141928512867
674.0236150854812
590.1706956865039
500.2623115903846
565.7995721781867
706.4215545516624
694.170832995822
803.3662182031771
550.8066488270562
567.1060468791869
561.52986308287
668.128151829439
664.0655931799607
491.1088265234352
301.9518577677163
116.73256696428047
39.6718895746573
-237.7926470486542
-440.47232867580067
-176.85222421128492
-352.2400301940828
-279.0073796436963
-280.3085105429564
-607.8120375381063
-748.4590751844852
-789.3872143615935
-783.0730028045783
-777.80101976631
-636.5236766978775
-859.4058114659985
-688.0668793829
-575.5749529262549
-602.1840208731479
-505.7135608940912
-312.6530480301027
-327.1234760231502
-142.47156740959522
-378.81177755059457
-417.91697229109616
-681.5835710029551
-929.920213495943
-608.0751710919773
-630.7115162714465
-537.436953733183
-536.0777599109957
-519.2215027074108
-483.40554223776394
-762.9697703794277
-787.52482391908
-587.7587990594973
-635.8918175554414
-690.6577673184771
-762.6509037582064
-694.6437254066205
-896.0586441310604
-821.8647677047363
-719.0222236259297
