A = [
[0,0.088385,-1.2609,-0.03054,0.452842,0,0,0,0,0,0,0],
[0,40.15217,-29.5418, 0.108109, 1.133512,0,0,0,0,0,0,0],
[0,-44.287,108.2842,-0.56953,-7.27049,0,0,0,0,0,0,0],
[0,-0.12654,2.01236,1.614214,2.475777,0,0,0,0,0,0,0],
[0,11.61132,-186.517,7.514058,129.9011,0,0,0,0,0,0,0],
[0,0.066928,-1.24236,-1.58413,-2.83914,0, 0, 0, 0, 0, 0, 0],
[0,0,0.066928,0,-1.24236,0,-1.58413,0,-2.83914,0,0,0],
[0,0,0,0,0,0,1,0,0,0,0,0],
[0,0,0,0,0,0,0,1,0,0,0,0],
[0,0,0,0,0,0,0,0,1,0,0,0],
[0,0,0,0,0,0,0,0,0,1,0,0],
[0,0,0,0,0,0,0,0,0,0,1,0],
[0,0,0,0,0,0,0,0,0,0,0,1]]

B = [
[16.52053, 0.075275, -0.35229, -12.2955, 3.515335, -1.98881],
[0.075275, 3.888116, -8.51171, -0.11933, 11.05329, 0.073043],
[-0.35229, -8.51171, 25.92747, 0.535638, -58.6871, -0.30182],
[-12.2955, -0.11933, 0.535638, 315.0428, -3.43332, -304.069],
[3.515335, 11.05329, -58.6871, -3.43332, 785.6144, 0.587171],
[-1.98881, 0.073043, -0.30182, -304.069, 0.587171, 337005.8],
[0,0,0,0,0,0],
[0,0,0,0,0,0],
[0,0,0,0,0,0],
[0,0,0,0,0,0],
[0,0,0,0,0,0],
[0,0,0,0,0,0]]
