[7.93290885e+09 8.16496114e+09 4.01981523e+09 7.93669628e+09
 7.93297061e+09 7.80887745e+09 7.93277347e+09 7.93251405e+09]
[-4830.08942037 -1553.13585284   749.09436244   723.74356688
   719.54173358   710.24138938   696.44829556   678.72635917]
[ 875.88243026 2721.10554508 2595.2103943  1082.12683891 -116.6046904
 -443.76772487  723.95871413 3374.87045393]
[-15149.44590836 -34178.98170385  -2907.7163181   -2905.28794672
  -2904.45046715  -2911.55277864  -2905.90302968  -2904.5131128 ]
[-77790.05968367 -71444.12937018 -64718.87377927 -57966.88248182
 -50963.45943587 -44229.42996731 -37276.62044137 -31649.58178306]
[-5090274.62931861  2694447.797847    -759974.54701988  -850106.60986211
  -726910.08668275  -987127.80937518  -989018.20900756  -995427.63111673]
[ 1603959.17203801 -1485068.843505     -53454.84864007   -53635.9607649
   -52488.20414198    -2734.00359138    -3436.43556111    -3444.46127022]
[ -8952716.80992751 -59115806.94263259  -6819772.34415582
  -6409403.66617426  -6090024.42060384  68403088.12915674
  -3596835.90594987 -58082062.47898565]
[-3079.44427231 -1970.68918064 -1261.16540371  -807.08807819
 -6004.24765085  -287.94372685  -211.38412043  -135.22039392]
[-1957990.58744785 -2797156.65297398 -1507965.77510399 -1652684.33411579
 -1010819.63563228   388535.91348787 -2665822.24425137 -2261009.67592595]
[-1174785.94329235 -1848531.24433813 -1727128.36864818  -795338.75623492
   453627.31830808  1523956.46236776  2346081.92918114   417988.13062669]
[37264.89441017  6887.9931474  14466.44469018 10466.70216388
  7976.39295683  6537.4976952   5419.48795717  5340.65388467]
[-57991.2972897  -61799.71602613 -47383.03351479  -2766.54042139
  -2971.55366274  -3414.58837537  -1016.0093499   -1215.53754424]
[ 4648.31211937  4663.1530002   4666.8001494   4661.38967887
  4649.15597845  4632.1502979   5536.79841964 27625.47123348]
[ 28181.69361628  26740.7719684   24964.38382599 360437.83990569
   1697.10690359  -4201.96210751  -4619.62647412 -12112.85183861]
[-6395.2958759   5043.87787857  3217.30638699  2058.31150509
  1932.69395064   874.80831051   380.72435283   278.88860255]
[  764.06217126   101.40970413  -290.86072011 -2862.02434376
   825.67536101  -445.33621608  3010.75205267  4548.2765483 ]
[65088225.86014225 64094585.33030604 62343039.15253818 60046553.76029375
 57375185.66582355 54463477.04971445 51416794.85128497 48316697.28314365]
[ -70228.55258262  -70055.56399216  -69855.18935697  -69630.57007778
  -69379.32556014  -69085.31345249  -34520.47113787 -438033.69380522]
[-4.95758769e+08 -9.39219163e+07 -8.28924761e+07 -7.77189820e+07
 -5.91742479e+07 -3.67225215e+07 -2.81258901e+07 -3.68076788e+07]
[ -337730.19722163  -412241.73590441  -473471.6827346   -422537.12034556
 -1223529.90622611   -22713.14362166   -16558.13292809    -5130.01683045]
[  6678708.51014964 -15019422.32675238   5081805.48133841
  -9660394.06857567  -7648297.44473484  12746334.82688246
   -106666.55604816     54328.32811669]
[429793.30392062 314494.45482587 279803.60873409 231147.68264957
 191489.31628934 196632.86764891 237318.29899897 311366.77981446]
[-410290.99450293 -241866.57659555  -22918.87629739  -11925.76547214
   -8812.45885129   -5247.95938587   -3284.05939159   -1256.53272458]
[-5.65255661e+12 -5.64492785e+12 -5.63768015e+12 -5.62858961e+12
 -5.61751039e+12 -5.60440018e+12 -5.58920773e+12 -5.57187315e+12]
[ -47451.13384044  -14867.66390951     791.50901702    1341.80703962
  -10309.17887137   89520.55944781 -172952.58887025 -159489.98289332]
[-5806626.6455012  -3881052.94410155 -4152996.11670984 -5672846.17016615
 -4768478.79818596 -1472500.24517061  -179716.39969573 -1979074.02752023]
[-187153.54030716 -185160.88781811 -160537.27086056 -135323.65979762
  -70837.71772286 -194003.75063706  -16137.30544103  -32031.76239453]
[ 16491.23503478  -4538.96638585  -1336.28664325    857.1297077
 -12097.84498264   1873.19943847   2977.32928883   3659.1023579 ]
[-1898.77717446 -2777.50074513 -2921.27524885 -3894.76838477
 -7972.93435685 -7588.57029747 -7452.34928828 -7339.95669752]
[3974.05379861 1733.68843345 2742.65248711 2652.62399077 2657.58819131
 4607.19275987  985.9790418  2974.79712948]
[ 22573436.71064701  42593071.47721821  57036684.15089619
  65402453.17128813  66889286.28955758  57923231.02325118
  31933839.7867213  -33585000.43143253]
[-891865.87671351 -862002.64687686 -832731.70314952 -804116.65217568
 -776224.24676117 -749101.61363732 -722792.0023813  -697301.03543736]
[  19211.84677665   16207.21954513 -264433.37788695   21667.72799591
   12664.48012953   16251.90484652   13785.44504363   11734.97323847]
[-3.96559914e+09 -3.96556052e+09 -1.82993941e+09 -3.96488082e+09
 -3.96383451e+09 -2.52199775e+09 -3.96751108e+09 -3.96577783e+09]
[-8.96953305e+09 -1.81940478e+09 -1.82510437e+09 -1.81795874e+09
 -1.81639326e+09 -1.81465793e+09 -1.81262628e+09 -1.81009145e+09]
[-2.72571197e+11 -2.72745376e+11 -2.72792927e+11 -2.72742919e+11
 -2.72621599e+11 -2.72452313e+11 -2.72255476e+11 -2.72048555e+11]
[  4983.96576691   5013.92462193   -509.88106121   -242.45090572
 -10823.09497136  17224.81578448   1055.34595263   1044.38655099]
[-3424241.67880638 -2887972.13416436 -2436981.95041743 -2057318.25093332
 -1748217.35480953 -1459995.31311397 -1177324.88758811  -985723.16366607]
[7.90306054e+09 1.14946059e+09 9.60820593e+08 8.05392157e+08
 6.72459549e+08 5.56150349e+08 4.55022278e+08 3.86689047e+08]
[-2436.12900134 -8042.40975204 -7763.49993079 -7536.98275753
 -6710.65993963 -5911.73985233 -4887.38185636 -4637.06566156]
[ 302644.45790352  300936.13479995  299172.30352589  297369.00881841
   86453.95198242  304641.62158345  295063.72912256 -121583.48928006]
[  6076161.90881385   6218323.40667362   4432802.99942591
   8734550.77658438   3699851.35280765   2991757.17920756
 -15749590.87110836   2400527.49031233]
[ -1119.02795912  -1113.6806894  -20574.67229636  -9587.35361044
    -58.10079564    -35.77174116    -40.47423145    -63.42641373]
[ -1388.43143485  -1396.13651244  -2393.07015719 -25826.30679407
 -16244.48220865  -3879.80748954   5327.54018726   -258.01785517]
[-635553.88039983 1859785.33870201  660466.18612036 -115460.8281909
 -115237.78653621 -114896.14905239 -114785.8967101  -114565.43570276]
[55359.35032273  6374.24784991  2560.82462311 -1407.13801225
 -1057.65677665 -1071.78653095 -1070.24452584 -6155.06039495]
[ 1.33730284e+08 -9.08837738e+10  1.21315473e+10  1.19420652e+10
  2.33150460e+10 -1.07373197e+08  6.39399027e+05 -3.07927778e+08]
[  668773.28733487   621187.93816053 -3293250.76087242   -73175.41463272
    39205.35314795    24578.92437168    29770.65871588    58758.12760615]
[2370.50364118 3845.32410809 -757.84759352 -453.1622472  2915.01266876
 -534.31276858   68.89702663   21.45019679]
[-1.02605621e+13 -9.83391621e+12 -9.00720611e+12 -7.83821087e+12
 -6.40987034e+12 -4.80546020e+12 -3.12431096e+12 -1.41574017e+12]
[  112417.17231414   104201.96963911    95642.86438303    87109.56199379
    80855.64092312    75022.81467208    68102.87036851 -2550146.22251918]
[ 1.10860328e+04  8.63624949e+03  2.96166348e+01 -1.16192237e-01
 -1.16962438e-01 -1.18470085e-01 -1.15949630e-01 -1.16094583e-01]
[-6.72908826e+09 -6.89972902e+09 -7.05452371e+09 -7.18737461e+09
 -7.29309177e+09 -7.36749058e+09 -7.40763516e+09 -7.41200871e+09]
[ 7759.92817729 18954.06223005 23084.58360468 20893.47100272
 16474.56585914 15307.13203174 18341.30752643 22311.90855938]
[ 1978.97792239  1583.88364061 -2408.59607892  5196.39252514
  -676.82935928 -3191.60271076 -1023.99893522 -3479.32364115]
[167531.81297407  11447.58829396  57681.34890068   5431.12856368
  50865.17247916 -40638.28083972   2952.29612882  44584.65915502]
[-88327.50279095 -31932.52499133  18851.17000988  64517.8493531
 105368.16187729 141739.21136177 173664.35963784 201644.28976989]
[-15914.95225474 -11624.3882446  -10672.52881842 -10234.61649974
  -8082.78739765  -5125.24490665  18317.95757237 -39984.13386188]
[  1419.77927572  12173.28890084  21285.2413499   25995.17492749
  28535.94170016  29014.64482854 143521.95718399  18978.10325922]
[  3349.99184076 -32723.97089769  -8470.72285144  16368.10544303
  14443.18495704  11959.8336702    9941.78983454   8333.08958544]
[ 1.01548756e+06  2.11191680e+07 -1.36224708e+06 -1.51813622e+06
 -1.29843006e+06 -7.04241078e+06 -5.72248830e+07  3.33748034e+08]
[-4.15824631e+07  3.20047949e+07  9.48978382e+06 -1.79069580e+07
 -4.18044843e+07 -5.36731446e+07 -5.15158195e+07  4.46202429e+09]
[ 5793.24648577  5802.91812063 20673.55797351  3514.24822488
  8599.28668152  8370.94239213  8449.80246721  8435.26569268]
[-123450.46639643 -509023.43337581 -951431.37132199  433932.35356044
   18258.38713847   16225.3320322    13354.20034444    1359.60614531]
[-49653017.76753309 -53852970.10252389 -55341426.41395854
 -54143829.64009646 -50690586.78952271 -45702715.47040798
 -39997722.9475125  -34286177.14106524]
[ 15622.01644008  51018.87824887  66443.14574231  40559.2970277
  24584.73209493 -12731.36556805 -23955.15514981   3281.54514247]
[-75401.68251528  74041.96179406 -52061.55736254  36498.54559079
  10362.37743549  -1239.17101919  11950.01645086 -19995.49038365]
[  -22.74649966   291.4390343   3101.16038664  3318.08801701
  3739.3706058    180.66804274  -118.10965736 -3686.95875934]
[  8488.13023248  -6871.65005531 -13108.53374707 -18049.74077519
 -19463.23207126 -16581.66190251  -9411.60094492   1783.43703121]
[378987.90852219 377204.84643932 293389.9378804  197517.68818346
 194303.79583687 192775.94663956 193975.47332739 194099.98957537]
[ 159167.95309757 -112688.69612691 -382202.55624729 -625631.16264569
 -615598.10181241  655426.66920487  571673.01806155  486389.4278021 ]
[-37411.16323542 -32858.73496682 -20023.82281668 -21553.87698679
 -11685.35860524  -9972.05889623  -8673.76693048  -7788.88584589]
[ 5.56409472e+09 -4.72156267e+03  2.15858492e+03  6.94303173e+02
 -1.95891703e+01 -3.58420580e+02 -1.37100215e+02 -2.72064498e+01]
[ 30307.00909864   6129.10445427 -15067.12227979 -33406.87366631
 -49017.80492932 -62059.53874142 -72707.51809778 -81146.35272887]
[ -6629.90503924    225.6755308  -14690.9716113   -6901.5225591
   -711.4272661   -7863.17142739   -521.99896984   -443.77269522]
[-1.02603317e+14 -8.72172016e+13 -7.41389370e+13 -6.30221922e+13
 -5.35726538e+13 -4.55402016e+13 -3.87122626e+13 -3.29081684e+13]
[-5219958.20195888  -173727.7741986   -111098.71108952   -71128.54991327
   -45535.30768279   -29149.60944264   -18659.71979423   -11944.54053233]
[1.22083928e+08 1.25481467e+08 1.28905176e+08 1.30667148e+08
 1.32592384e+08 1.34345355e+08 1.33631221e+08 1.33213654e+08]
[ 2.17262860e+06 -6.70003904e+06  6.54774391e+04  8.38184328e+04
 -1.04579491e+09  1.86278803e+07  1.79515934e+05 -2.77018595e+05]
[-9453307.92389674 -7954447.88846233 -6202471.76452493   773879.08068578
 -3126366.75709062 -9512521.68172323 -2779420.02700958 -2025919.62349427]
[ -58937.3180521   -56841.45756811  153925.59591865   60697.31813548
   14156.45735866  -28990.95681994 -121919.00845582   43969.30639365]
[2.39211900e+09 2.40118718e+09 2.40878913e+09 2.42319477e+09
 6.26010900e+09 3.79576719e+08 3.63293117e+08 3.65798702e+08]
[-5.03138811e+09 -1.33376119e+10 -2.66117154e+09  1.03784034e+09
  1.03885725e+09  1.03944665e+09  1.03970643e+09  4.26053091e+09]
[-2.41860737e+10 -2.04321063e+10 -1.72895088e+10 -1.45982865e+10
 -1.23953578e+10 -1.04520008e+10 -8.83527982e+09 -7.49181781e+09]
[679153.67164008 564746.94521157 466921.50900777 373849.40837666
 285999.73634647 203670.62730732 127037.48679925  56120.17016449]
[-48077.24707655 -48091.45264808 -33760.34620728 -34280.67970601
  -6669.10125751  -6613.81287641  -6650.31767793  -6641.82746953]
[-3.51601082e+08 -3.80276287e+08 -5.79787977e+08 -2.78824492e+08
  8.50485258e+07  7.77606624e+07  7.05509200e+07  6.34606370e+07]
